-344786, -337291, -352621, -348490, -6164637, -5920253, -6212343, -7282489,
-344793, -337291, -352634, -348493, -6164596, -5920204, -6212305, -7282456,



4089539, 5732976, 5489054, 8388607, 8388607, 8388607, 8388607, -8388608,
4855151, 6036349, 5411167, 8388607, 8388607, 8388607, 8388607, -8388608,
4690891, 6150623, 5631366, 8388607, 8388607, 8388607, 8388607, -8388471,


Received sample: [-9775, -8388608, -8388608, 1538139, 2062595, 4723873, 5354704, -8388608]

Received sample: [975990, 1834557, 2117669, 5583633, 6153275, 7176008, 6500235, -8388608]
